000000000000000000000000000000005000000000000000000000000000000000000000000000000000000000000000
000000000000000000000000000000000000000009013017017010000000000000000000000000000000000000000000
000000000000000000000000000000018175241183150168136162208176158005000000000000000006000000000000
000000000000000000000000012163254185200194133145150171137218130162119000000000000000000000000000
000000000000000000000152182199173192179167163121188232168163081101099111114000000000000000000000
000000000000000000189182200190171147155137102116125067060069081114119084132104000000000000000000
000000000000000176164172156120107097098200160088148122174075045088071087208126100000000000000000
000000000000151176145116106106143131168115128155139163082057169119072101111166117051000000000000
000000000009146116159144171130254098121247141107116088089122117199144182147084087106000000000000
000000000146127147133139132107165254135250177185241134070111130045054162129141106101087000000000
000000007131120107090254254254203254089253255159171158180137064073067095060107083100103000000000
000000154142116084098105098188250195194142245158073148143097123045065059104082131183090009000000
000000165108145182185104076242129196244254196161070062161093080060082099069054107173098077000000
000000144092243180217084087124119130169182136092092067120056053069041067049053050083154091000000
000000114193218071103081133117132147159091164095074109083039053077094070085083131063111093000000
000009131082196203125083230208107153207112089110070053048066036093068085075046112180069078000000
000008102088206075065064062081172174174198083094079093037045044035046215075132086081109081000000
000000105111171169219091136079116218251119127103072058052060048044071048080052052067088106000000
000000180223167081077196177072066092153193254254253194097049202174073055047112050130095077000000
000000198195238134188079152055098158206106178243254254196072044144201117160091065072103088000000
000000153222088068210245209050047096232081124254254184092069126160207139185197146060083000000000
000000000111236086117221167167079240254248254234092143125106079100243222204207163092078000000000
000000000166236094128170120254159223196221219206124195106039113094149045122176091133039000000000
000000000000162121073214161230194190110179168207098162253164163076079055049147070086000000000000
000000000000020108206222195210181224153228212147205166226133065146146171164102088000000000000000
000000000000000136142075189209156200229230222220241182187213203188158151149127043000000000000000
000000000000000000167186211214221205189215235220233228227220097200185153131074000000000000000000
000000000000000000000012188185209214183227232224227216211202186188156126000000000000000000000000
000000000000000000000000000153192191205204210206207193185171170163100000000000000000000000000000
000000000000000000000000000000000025164180186182175165151133093000000000000000000000000000000000
000000000000000000000000000000000000000000000000000000000000000000000000000000000000000000000000
000000000000000000000000000000000000000000000000000000000000000000000000000000000000000000000000